"i","value"
1,0
2,0
3,0
4,0
5,0
6,0
7,999999999.9999969
8,999999999.99999678
9,999999999.99999678
10,999999999.9999969
11,999999999.9999969
12,999999999.9999969
13,999999999.99999678
14,999999999.9999969
15,999999999.9999969
16,999999999.99999678
17,999999999.9999969
18,999999999.99999678
19,999999999.99999678
20,999999999.9999969
21,999999999.9999969
22,999999999.9999969
23,999999999.9999969
24,999999999.99999678
25,999999999.9999969
26,999999999.9999969
27,999999999.99999678
28,999999999.9999969
29,999999999.9999969
30,1000000000.0000027
31,1000000000.0000027
32,1000000000.0000027
33,1000000000.0000027
34,1000000000.0000029
35,1000000000.0000026
36,1000000000.0000029
37,1000000000.0000026
38,1000000000.0000029
39,1000000000.0000029
40,1000000000.0000027
41,1000000000.0000027
42,1000000000.0000029
43,1000000000.0000029
44,1000000000.0000029
45,999999999.99999976
46,999999999.99999976
47,999999999.99999988
48,999999999.99999976
49,3077352796493.1523
50,3213707878850.1484
51,3411697365295.8252
52,3666521693036.9116
53,4133901837054.4854
54,4754651377253.4824
55,5756441466231.4766
56,6670557522188.666
57,7565280200521.5781
58,7735803239670.9531
59,7165719586547.1641
60,6290979706824.9502
61,5356091889873.9775
62,4452039061268.4297
63,3947897387154.1523
64,3552588371705.6128
65,3333878873833.4526
66,3174036477644.7378
67,2046232709856.6138
68,999999999.99999976
69,999999999.99999988
70,999999999.99999976
71,999999999.99999976
72,1000000000.0000029
73,1000000000.0000026
74,1000000000.0000027
75,1000000000.0000029
76,1000000000.0000027
77,1000000000.000003
78,1000000000.0000027
79,1000000000.0000029
80,1000000000.0000029
81,1000000000.0000027
82,1000000000.0000029
83,1000000000.0000026
84,1000000000.0000027
85,1000000000.0000029
86,999999999.9999969
87,999999999.9999969
88,999999999.9999969
89,999999999.99999678
90,999999999.9999969
91,999999999.99999678
92,999999999.9999969
93,999999999.9999969
94,999999999.9999969
95,999999999.9999969
96,999999999.9999969
97,999999999.9999969
98,999999999.9999969
99,999999999.99999678
100,999999999.9999969
101,999999999.9999969
102,999999999.99999678
103,999999999.99999678
104,999999999.9999969
105,999999999.99999678
106,999999999.9999969
107,999999999.99999678
108,999999999.9999969
