"i","value"
1,250000000
2,250000000
3,250000000
4,250000000
5,250000000
6,250000000
7,250000000
8,250000000
9,250000000
10,250000000
11,250000000
12,250000000
13,250000000
14,250000000
15,250000000
16,250000000
17,250000000
18,250000000
19,250000000
20,250000000
21,250000000
22,250000000
23,250000000
24,250000000
25,250000000
26,250000000
27,250000000
28,250000000
29,250000000
30,250000000
31,250000000
32,250000000
33,250000000
34,250000000
35,250000000
36,250000000
37,250000000
38,250000000
39,250000000
40,250000000
41,250000000
42,250000000
43,250000000
44,250000000
45,250000000
46,250000000
47,250000000
48,250000000
49,250000000
50,250000000
51,250000000
52,250000000
53,250000000
54,250000000
55,250000000
56,250000000
57,250000000
58,250000000
59,250000000
60,250000000
61,250000000
62,250000000
63,250000000
64,250000000
65,250000000
66,250000000
67,250000000
68,250000000
69,250000000
70,250000000
71,250000000
72,250000000
73,250000000
74,250000000
75,250000000
76,250000000
77,250000000
78,250000000
79,250000000
80,250000000
81,250000000
82,250000000
83,250000000
84,250000000
85,250000000
86,250000000
87,250000000
88,250000000
89,250000000
90,250000000
91,250000000
92,250000000
93,250000000
94,250000000
95,250000000
96,250000000
97,250000000
98,250000000
99,250000000
100,250000000
101,250000000
102,250000000
103,250000000
104,250000000
105,250000000
106,250000000
107,250000000
108,250000000
