"i","value"
1,0
2,0
3,0
4,0
5,0
6,0
7,0.0049999999999999836
8,0.0049999999999999836
9,0.0049999999999999845
10,0.0049999999999999845
11,0.0049999999999999845
12,0.0049999999999999845
13,0.0049999999999999845
14,0.0049999999999999836
15,0.0049999999999999854
16,0.0049999999999999845
17,0.0049999999999999836
18,0.0049999999999999836
19,0.0049999999999999845
20,0.0049999999999999836
21,0.0049999999999999845
22,0.0049999999999999845
23,0.0049999999999999845
24,0.0049999999999999836
25,0.0049999999999999845
26,0.0049999999999999836
27,0.0049999999999999845
28,0.0049999999999999845
29,0.0049999999999999836
30,0.0050000000000000131
31,0.005000000000000014
32,0.005000000000000014
33,0.0050000000000000148
34,0.005000000000000014
35,0.005000000000000014
36,0.0050000000000000148
37,0.0050000000000000148
38,0.005000000000000014
39,0.0050000000000000148
40,0.005000000000000014
41,0.0050000000000000131
42,0.005000000000000014
43,0.005000000000000014
44,0.005000000000000014
45,0.0049999999999999992
46,0.0049999999999999992
47,0.0049999999999999992
48,0.0049999999999999992
49,15.466221083072593
50,15.626014919389315
51,16.139645919065899
52,16.7131589079492
53,17.495202885429993
54,18.168077103563522
55,18.780316196342643
56,19.08001621209608
57,19.266269189546676
58,19.294131390301395
59,19.180092016032813
60,18.980418754033906
61,18.616794651586773
62,17.883127265023809
63,17.207395761259932
64,16.456936732954397
65,15.935141754704805
66,15.509452577377317
67,10.47936827061665
68,0.0049999999999999992
69,0.0049999999999999992
70,0.0049999999999999984
71,0.0049999999999999992
72,0.0050000000000000131
73,0.0050000000000000131
74,0.0050000000000000148
75,0.005000000000000014
76,0.005000000000000014
77,0.005000000000000014
78,0.005000000000000014
79,0.005000000000000014
80,0.005000000000000014
81,0.005000000000000014
82,0.005000000000000014
83,0.005000000000000014
84,0.0050000000000000131
85,0.0050000000000000131
86,0.0049999999999999845
87,0.0049999999999999836
88,0.0049999999999999836
89,0.0049999999999999845
90,0.0049999999999999845
91,0.0049999999999999845
92,0.0049999999999999845
93,0.0049999999999999836
94,0.0049999999999999836
95,0.0049999999999999854
96,0.0049999999999999845
97,0.0049999999999999836
98,0.0049999999999999845
99,0.0049999999999999845
100,0.0049999999999999845
101,0.0049999999999999845
102,0.0049999999999999845
103,0.0049999999999999845
104,0.0049999999999999845
105,0.0049999999999999836
106,0.0049999999999999836
107,0.0049999999999999845
108,0.0049999999999999845
