"i","value"
1,62.187868015041218
2,61.071428571428584
3,59.837725896779901
4,58.766297325351331
5,57.487583778518577
6,56.907463856759392
7,56.205594363955129
8,55.137441660257252
9,54.066013088828683
10,52.787299541995928
11,51.715870970567352
12,50.437157423734604
13,49.365728852306034
14,48.214285714285751
15,47.015586734044703
16,45.944158162616134
17,44.665444615783386
18,43.594016044354817
19,42.315302497522062
20,41.243873926093499
21,39.965160379260745
22,38.893731807832182
23,37.61501826099942
24,36.543589689570851
25,35.357142857142918
26,34.193447571309534
27,33.122018999880964
28,31.843305453048202
29,30.771876881619633
30,29.493163334786878
31,28.421734763358309
32,27.143021216525558
33,26.071592645096988
34,24.792879098264233
35,23.721450526835667
36,22.500000000000085
37,21.371308408574343
38,20.299879837145774
39,19.021166290313019
40,17.94973771888445
41,16.671024172051698
42,15.655955851349448
43,15.056360250726417
44,14.320882053790374
45,13.249453482361805
46,11.970739935529052
47,10.899311364100482
48,9.6428571428572525
49,8.5491692458391597
50,7.4777406744105894
51,6.1990271275778355
52,5.1275985561492661
53,3.8488850093165121
54,2.7774564378879427
55,1.4987428910551888
56,0.42731431962661937
57,-0.85139922720613459
58,-1.922827798634704
59,-3.2015413454674579
60,-4.2729699168960273
61,-5.3571428571427191
62,-6.6231120351573507
63,-7.6945406065859201
64,-8.9732541534186741
65,-10.044682724847243
66,-11.323396271679998
67,-12.394824843108566
68,-13.673538389941321
69,-14.74496696136989
70,-16.023680508202645
71,-17.095109079631214
72,-18.214285714285552
73,-19.445251197892535
74,-20.516679769321104
75,-21.795393316153859
76,-22.866821887582425
77,-24.14553543441518
78,-25.216964005843749
79,-26.495677552676504
80,-27.567106124105074
81,-28.845819670937829
82,-29.917248242366398
83,-31.071428571428385
84,-32.267390360627722
85,-33.338818932056292
86,-34.617532478889046
87,-35.688961050317616
88,-36.967674597150364
89,-38.039103168578933
90,-39.317816715411688
91,-40.389245286840257
92,-41.667958833673005
93,-42.739387405101581
94,-43.928571428571217
95,-45.089529523362906
96,-46.160958094791475
97,-47.43967164162423
98,-48.511100213052799
99,-49.789813759885554
100,-50.861242331314124
101,-52.139955878146878
102,-53.211384449575448
103,-54.490097996408203
104,-55.561526567836772
105,-56.78571428571405
106,-57.911668686098089
107,-58.983097257526666
108,-60.052362159701303
