"i","value"
1,-1.422597991963986
2,-1.4268052777529538
3,-1.431454468320841
4,-1.4354921312932982
5,-1.440310944677696
6,-1.4424971181568564
7,-1.4451421031219434
8,-1.4491674210345513
9,-1.4532050840070085
10,-1.4580238973914064
11,-1.4620615603638638
12,-1.4668803737482614
13,-1.4709180367207189
14,-1.4752572334224421
15,-1.4797745130775741
16,-1.4838121760500314
17,-1.4886309894344292
18,-1.4926686524068866
19,-1.4974874657912844
20,-1.5015251287637419
21,-1.5063439421481395
22,-1.5103816051205967
23,-1.5152004185049948
24,-1.519238081477452
25,-1.5237091890919301
26,-1.528094557834307
27,-1.5321322208067645
28,-1.5369510341911625
29,-1.54098869716362
30,-1.5458075105480178
31,-1.549845173520475
32,-1.5546639869048731
33,-1.5587016498773303
34,-1.5635204632617281
35,-1.5675581262341856
36,-1.5721611447614185
37,-1.5764146025910406
38,-1.5804522655634978
39,-1.5852710789478957
40,-1.5893087419203531
41,-1.5941275553047507
42,-1.5979528254928972
43,-1.6002123927843088
44,-1.602984031661606
45,-1.6070216946340634
46,-1.6118405080184612
47,-1.6158781709909185
48,-1.6206131004309068
49,-1.6247346473477737
50,-1.6287723103202312
51,-1.6335911237046288
52,-1.6376287866770862
53,-1.6424476000614843
54,-1.6464852630339415
55,-1.6513040764183393
56,-1.6553417393907965
57,-1.6601605527751946
58,-1.6641982157476518
59,-1.6690170291320496
60,-1.6730546921045071
61,-1.6771403820453097
62,-1.6819111684613621
63,-1.6859488314338194
64,-1.6907676448182172
65,-1.6948053077906746
66,-1.6996241211750722
67,-1.7036617841475297
68,-1.7084805975319275
69,-1.7125182605043849
70,-1.7173370738887828
71,-1.72137473686124
72,-1.7255923377147979
73,-1.7302312132180953
74,-1.7342688761905527
75,-1.7390876895749503
76,-1.7431253525474077
77,-1.7479441659318058
78,-1.751981828904263
79,-1.7568006422886608
80,-1.7608383052611183
81,-1.7656571186455159
82,-1.7696947816179733
83,-1.7740442933842862
84,-1.7785512579748284
85,-1.7825889209472858
86,-1.7874077343316839
87,-1.7914453973041411
88,-1.7962642106885389
89,-1.8003018736609964
90,-1.805120687045394
91,-1.8091583500178514
92,-1.8139771634022495
93,-1.8180148263747067
94,-1.8224962490537746
95,-1.826871302731562
96,-1.8309089657040192
97,-1.835727779088417
98,-1.8397654420608744
99,-1.844584255445272
100,-1.8486219184177295
101,-1.8534407318021275
102,-1.8574783947745848
103,-1.8622972081589826
104,-1.8663348711314398
105,-1.8709482047232628
106,-1.8751913474882951
107,-1.8792290104607525
108,-1.8832585196771272
