"i","value"
1,-64.954239842078607
2,-63.819215285334579
3,-62.564975443255975
4,-61.475711044433339
5,-60.175711044433335
6,-59.585933998467958
7,-58.87238064407866
8,-57.786446645610702
9,-56.697182246788067
10,-55.397182246788063
11,-54.307917847965427
12,-53.00791784796543
13,-51.918653449142795
14,-50.748042499462954
15,-49.529389050320155
16,-48.44012465149752
17,-47.140124651497516
18,-46.05086025267488
19,-44.750860252674876
20,-43.661595853852241
21,-42.361595853852236
22,-41.272331455029601
23,-39.972331455029597
24,-38.883067056206961
25,-37.676869713591302
26,-36.493802657384329
27,-35.404538258561693
28,-34.104538258561689
29,-33.015273859739054
30,-31.715273859739057
31,-30.626009460916418
32,-29.326009460916417
33,-28.236745062093782
34,-26.936745062093777
35,-25.847480663271142
36,-24.605696927719666
37,-23.458216264448502
38,-22.368951865625867
39,-21.068951865625866
40,-19.979687466803231
41,-18.679687466803227
42,-17.647721534963829
43,-17.038144602944442
44,-16.290423067980591
45,-15.201158669157953
46,-13.901158669157953
47,-12.811894270335317
48,-11.534524141848021
49,-10.42262987151268
50,-9.3333654726900424
51,-8.0333654726900434
52,-6.9441010738674054
53,-5.6441010738674056
54,-4.5548366750447684
55,-3.2548366750447677
56,-2.1655722762221314
57,-0.86557227622213073
58,0.2236921226005058
59,1.5236921226005067
60,2.6129565214231429
61,3.7151774416688887
62,5.0022209202457804
63,6.0914853190684166
64,7.3914853190684173
65,8.4807497178910545
66,9.7807497178910552
67,10.870014116713691
68,12.170014116713691
69,13.259278515536328
70,14.559278515536329
71,15.648542914358966
72,16.786350227540527
73,18.037807313181606
74,19.127071712004241
75,20.427071712004242
76,21.516336110826881
77,22.816336110826882
78,23.905600509649517
79,25.205600509649518
80,26.294864908472153
81,27.594864908472154
82,28.684129307294789
83,29.857523013412166
84,31.073393706117429
85,32.162658104940064
86,33.462658104940061
87,34.551922503762704
88,35.851922503762701
89,36.941186902585336
90,38.241186902585348
91,39.330451301407983
92,40.63045130140798
93,41.719715700230616
94,42.928695799283815
95,44.108980099053255
96,45.198244497875891
97,46.498244497875888
98,47.587508896698523
99,48.887508896698527
100,49.976773295521163
101,51.27677329552116
102,52.366037694343795
103,53.6660376943438
104,54.755302093166435
105,55.999868585155447
106,57.144566491989075
107,58.233830890811703
108,59.320895602271158
